-1.535476e-05 3.842239e-05 -2.921718e-06 -8.577049e-06 -1.826879e-05 -4.886680e-05 -1.904893e-05 1.159124e-05 -2.922091e-05 1.500218e-06 2.950456e-05 1.741556e-05 -3.461037e-05 4.321463e-05 2.875478e-05 -3.233433e-05 2.521613e-06 -1.761730e-05 4.328641e-05 1.620568e-05 2.585973e-05 5.909259e-06 -1.645442e-06 -3.926949e-08 -1.399958e-05 2.481652e-05 2.589562e-05 1.214587e-05 -1.071276e-05 -3.932140e-05 3.822131e-05 -3.157711e-05 -2.807343e-05 -3.159347e-05 -1.250673e-05 -3.089211e-05 -4.795986e-06 -2.612884e-05 1.093067e-05 -3.559044e-05 2.935633e-05 -1.710836e-05 1.651814e-05 -3.807552e-05 7.904231e-06 4.779598e-05 -2.874899e-06 4.729050e-05 1.693902e-05 1.107425e-05 3.608873e-05 4.964532e-06 2.296374e-05 2.930456e-06 1.676396e-05 9.648696e-06 -4.756007e-05 -2.358466e-05 4.079410e-06 -4.416725e-05 -2.348730e-05 3.456912e-05 2.639369e-05 1.793778e-05 5.406075e-06 1.898892e-05 3.560954e-06 -1.178742e-06 3.511551e-05 1.586331e-05 -1.340005e-05 2.421101e-05 2.849874e-05 -3.846848e-06 -4.787939e-05 -9.958795e-06 -2.013629e-05 8.781542e-06 -1.445401e-05 -1.837533e-05 -3.806363e-05 3.677855e-05 -2.538409e-05 -1.105747e-05 -7.102706e-06 -9.886972e-06 -2.623702e-05 2.169849e-05 4.816499e-05 -4.915805e-06 -2.358756e-05 7.886064e-06 -7.324678e-06 2.032854e-05 3.124447e-05 -4.157024e-05 -2.491794e-05 -8.244040e-06 -1.040412e-06 9.146417e-06
-2.796830e-05 5.846187e-06 -1.261974e-06 -8.528743e-06 3.702761e-05 -2.542086e-06 -1.536603e-05 -1.157361e-05 4.215004e-05 -5.599279e-05 3.321280e-06 -5.485861e-06 -3.874436e-05 2.486938e-05 -8.607768e-06 -1.704762e-05 2.382339e-05 1.302105e-05 -2.768853e-05 -2.641953e-05 -4.625658e-05 5.571958e-05 -3.479594e-05 -1.313905e-05 5.449664e-06 3.115940e-05 1.027114e-05 1.336242e-05 4.144208e-05 -8.797768e-06 -5.280852e-06 -2.724685e-05 9.330195e-06 2.295101e-05 -5.267831e-05 -3.949890e-06 -2.144192e-05 5.060108e-06 -2.957480e-05 1.541615e-05 2.504087e-05 2.502573e-05 3.651082e-05 3.406293e-06 -1.671185e-05 1.357439e-05 3.113011e-05 -1.336941e-05 6.711911e-06 2.995117e-05 3.454798e-05 6.422783e-06 1.751476e-05 -2.420609e-05 2.395084e-05 8.047368e-07 1.129845e-05 -2.255612e-05 -5.435496e-06 2.362261e-05 1.858877e-05 -3.809827e-05 -1.302183e-05 -3.849383e-05 -3.555134e-05 5.094232e-05 3.530264e-05 1.038044e-05 1.617645e-05 -5.261848e-05 -8.524674e-06 -3.144584e-05 4.384012e-05 -4.555716e-05 -1.682136e-05 2.983833e-05 5.006961e-05 1.889532e-05 -4.101722e-05 -1.401807e-06 3.433006e-05 -1.640645e-05 3.028721e-05 -1.974710e-05 5.423157e-05 1.774617e-05 -8.542269e-06 -1.484932e-06 4.649805e-07 1.835801e-05 -3.496333e-05 -4.507243e-05 6.010240e-06 -1.881731e-05 -2.488874e-05 -2.722578e-05 -4.746351e-05 -3.212306e-05 4.533853e-05 4.466727e-05
4.192464e-06 -1.974534e-06 -4.663372e-06 5.198342e-06 2.284780e-06 4.764724e-07 4.377354e-06 -5.495541e-06 -5.905865e-07 -7.880244e-07 4.911465e-06 4.372715e-06 -4.502963e-08 5.419463e-07 4.187123e-06 1.153505e-06 -4.292310e-06 3.656926e-06 -1.783297e-07 -4.261315e-06 2.346490e-07 -2.696891e-07 4.802487e-06 -4.606749e-06 -5.230363e-06 4.124976e-06 -4.153736e-06 -5.383228e-06 -8.138595e-07 -7.147041e-07 -2.910561e-06 2.109516e-06 4.660317e-06 3.157023e-06 -2.184713e-07 4.353462e-06 5.433581e-06 -4.936954e-06 5.229983e-06 -2.574205e-06 -3.654420e-06 4.924534e-06 -3.145655e-06 -1.344075e-06 4.717339e-06 -7.899607e-07 5.070077e-06 4.411183e-07 4.026385e-06 4.417334e-06 -3.289959e-07 5.162074e-06 4.650798e-06 -4.382929e-06 -4.466721e-06 -5.406359e-06 5.183153e-07 -4.094514e-06 5.611685e-06 -1.205736e-07 -4.559476e-06 4.725510e-08 -4.343370e-06 -2.273511e-06 -3.570648e-06 -2.528293e-07 -3.674855e-06 -5.286460e-06 9.856869e-07 3.719558e-07 -4.916497e-06 2.663813e-06 3.939935e-07 -6.569411e-07 1.601600e-07 -3.682007e-06 -2.034647e-07 4.373411e-06 8.912212e-07 3.515333e-06 7.765770e-07 1.203316e-06 -2.757686e-06 -4.162584e-06 -4.604044e-07 -4.728634e-06 -4.600665e-06 -5.613732e-06 1.608575e-06 4.803036e-06 -1.190486e-06 1.654948e-06 5.373763e-06 2.978228e-06 -8.343338e-07 -1.169459e-06 -6.854153e-07 -4.350358e-06 2.050448e-06 9.718785e-07
3.364385e+01 -1.174539e+01 1.580632e+00 1.113969e+01 -4.909662e+01 4.773299e+00 2.458585e+01 2.207271e+01 -5.610946e+01 7.528961e+01 -4.788633e+00 6.809441e+00 5.504856e+01 -3.292061e+01 1.714262e+01 1.960094e+01 -3.238730e+01 -1.541766e+01 3.715555e+01 3.861911e+01 6.447555e+01 -7.362839e+01 4.803021e+01 1.776198e+01 -2.591675e+00 -4.330181e+01 -1.425115e+01 -2.059939e+01 -5.469763e+01 8.934453e+00 4.860524e+00 3.248239e+01 -2.110277e+01 -3.329057e+01 7.409132e+01 6.120258e+00 2.731242e+01 -1.622156e+01 4.174796e+01 -2.029128e+01 -3.350564e+01 -3.432109e+01 -4.982551e+01 -2.428791e+00 1.894486e+01 -1.727169e+01 -4.639048e+01 2.155389e+01 -5.036479e+00 -4.115429e+01 -4.672354e+01 -5.422887e+00 -2.225544e+01 3.503463e+01 -3.047690e+01 -3.160705e+00 -1.088408e+01 3.339617e+01 9.795549e+00 -3.714060e+01 -2.352538e+01 5.181248e+01 1.663438e+01 5.494049e+01 5.222455e+01 -6.747288e+01 -5.085499e+01 -1.572435e+01 -2.587285e+01 7.602165e+01 1.373391e+01 4.584613e+01 -6.455001e+01 6.378250e+01 2.806226e+01 -3.750167e+01 -6.913098e+01 -1.894024e+01 5.927665e+01 6.909569e+00 -4.385965e+01 2.242591e+01 -4.218441e+01 2.571185e+01 -7.590279e+01 -1.939444e+01 1.041120e+01 -2.082856e-01 2.721207e+00 -2.199860e+01 5.062702e+01 6.477076e+01 -1.156622e+01 2.834163e+01 3.001364e+01 3.740244e+01 6.987362e+01 4.483910e+01 -6.447093e+01 -6.442823e+01
-2.105232e+01 5.799394e+01 -3.803027e+00 -1.488860e+01 -2.323674e+01 -6.257727e+01 -2.402038e+01 1.023885e+01 -3.521482e+01 3.540832e+00 4.738896e+01 2.066575e+01 -5.048970e+01 6.313453e+01 4.558002e+01 -4.907285e+01 3.325625e+00 -2.682875e+01 6.077003e+01 2.305911e+01 3.387553e+01 8.332004e+00 1.198416e-01 4.954277e+00 -2.227252e+01 3.621682e+01 2.930228e+01 1.686733e+01 -1.782840e+01 -4.978080e+01 5.797001e+01 -4.002326e+01 -3.954027e+01 -4.520076e+01 -1.872525e+01 -3.858455e+01 -7.893346e+00 -3.586279e+01 1.515439e+01 -4.523076e+01 3.588621e+01 -1.503539e+01 2.162796e+01 -5.088888e+01 7.675148e+00 6.357489e+01 -1.627743e+00 6.808358e+01 2.161375e+01 1.373205e+01 5.267130e+01 1.097506e+01 2.951613e+01 5.270774e+00 2.485014e+01 1.298656e+01 -6.911701e+01 -3.438980e+01 6.442489e+00 -5.590996e+01 -2.987146e+01 4.381500e+01 3.842885e+01 2.262713e+01 1.046790e+01 2.349646e+01 7.087496e+00 -3.241508e+00 4.632086e+01 2.654165e+01 -1.992818e+01 3.541029e+01 3.702797e+01 -1.908433e+00 -6.853493e+01 -9.158367e+00 -2.527081e+01 8.310871e+00 -2.140705e+01 -2.399741e+01 -5.198320e+01 5.124050e+01 -3.135705e+01 -1.648758e+01 -3.119197e+00 -1.152395e+01 -2.612853e+01 2.940753e+01 6.508972e+01 -3.187204e+00 -3.685554e+01 1.045708e+01 -6.757923e+00 2.525494e+01 4.048500e+01 -5.476364e+01 -4.034639e+01 -1.184719e+01 -1.273434e+00 9.845673e+00
-7.363084e+00 1.511944e+00 2.667816e-01 5.255363e+00 -1.330188e+00 -8.112988e-01 2.305034e+00 2.720403e+00 -3.499002e+00 1.508259e+00 4.880442e-02 -3.948205e+00 2.559624e+00 1.178479e+00 1.547170e+00 -2.635976e+00 -1.750137e+00 5.148436e-01 -5.869485e-01 5.694353e+00 2.519765e+00 2.530579e+00 2.397774e+00 6.252676e-01 -1.497291e+00 -4.891633e-01 5.042664e+00 -1.230560e+00 1.383079e+00 -1.918272e+00 1.536449e-01 3.463470e+00 2.131048e-01 -4.216157e+00 6.669657e-02 -7.716857e-02 -7.292899e-01 -3.184103e+00 3.265787e-01 -2.560923e+00 1.728330e+00 -6.711097e-01 3.969191e+00 9.546246e-01 -2.089403e+00 -2.744466e+00 4.627019e+00 8.049207e+00 -2.963835e+00 7.132238e-01 3.158994e+00 -3.460495e+00 8.686475e+00 4.326832e+00 -4.104185e+00 8.961595e+00 -2.889364e+00 3.333951e+00 2.710984e+00 -7.817539e-01 4.147465e-01 -9.782036e-03 3.624691e+00 1.814823e+00 -1.009520e+00 4.771837e+00 7.550734e+00 2.762077e+00 4.297865e+00 6.536339e+00 -2.989605e+00 3.772467e+00 5.250849e-01 -3.890743e+00 2.643490e+00 3.243973e+00 -1.664430e-01 -1.913396e+00 -4.459368e-01 3.225835e+00 -3.096829e+00 -3.114476e+00 6.901480e+00 2.394856e+00 -6.639590e+00 -2.475034e+00 4.993772e+00 4.253868e+00 -3.347312e-01 -3.508519e+00 1.055852e-01 2.614779e+00 2.330099e+00 1.276152e+00 1.497908e+00 -6.592833e-01 -1.862313e+00 -2.276315e+00 3.871899e+00 2.235073e-02
1.6021765975e-19 1.6021765975e-19 1.6021765975e-19 1.6021765975e-19 1.6021765975e-19 1.6021765975e-19 1.6021765975e-19 1.6021765975e-19 1.6021765975e-19 1.6021765975e-19 1.6021765975e-19 1.6021765975e-19 1.6021765975e-19 1.6021765975e-19 1.6021765975e-19 1.6021765975e-19 1.6021765975e-19 1.6021765975e-19 1.6021765975e-19 1.6021765975e-19 1.6021765975e-19 1.6021765975e-19 1.6021765975e-19 1.6021765975e-19 1.6021765975e-19 1.6021765975e-19 1.6021765975e-19 1.6021765975e-19 1.6021765975e-19 1.6021765975e-19 1.6021765975e-19 1.6021765975e-19 1.6021765975e-19 1.6021765975e-19 1.6021765975e-19 1.6021765975e-19 1.6021765975e-19 1.6021765975e-19 1.6021765975e-19 1.6021765975e-19 1.6021765975e-19 1.6021765975e-19 1.6021765975e-19 1.6021765975e-19 1.6021765975e-19 1.6021765975e-19 1.6021765975e-19 1.6021765975e-19 1.6021765975e-19 1.6021765975e-19 1.6021765975e-19 1.6021765975e-19 1.6021765975e-19 1.6021765975e-19 1.6021765975e-19 1.6021765975e-19 1.6021765975e-19 1.6021765975e-19 1.6021765975e-19 1.6021765975e-19 1.6021765975e-19 1.6021765975e-19 1.6021765975e-19 1.6021765975e-19 1.6021765975e-19 1.6021765975e-19 1.6021765975e-19 1.6021765975e-19 1.6021765975e-19 1.6021765975e-19 1.6021765975e-19 1.6021765975e-19 1.6021765975e-19 1.6021765975e-19 1.6021765975e-19 1.6021765975e-19 1.6021765975e-19 1.6021765975e-19 1.6021765975e-19 1.6021765975e-19 1.6021765975e-19 1.6021765975e-19 1.6021765975e-19 1.6021765975e-19 1.6021765975e-19 1.6021765975e-19 1.6021765975e-19 1.6021765975e-19 1.6021765975e-19 1.6021765975e-19 1.6021765975e-19 1.6021765975e-19 1.6021765975e-19 1.6021765975e-19 1.6021765975e-19 1.6021765975e-19 1.6021765975e-19 1.6021765975e-19 1.6021765975e-19 1.6021765975e-19
1.4965359064e-26 1.4965359064e-26 1.4965359064e-26 1.4965359064e-26 1.4965359064e-26 1.4965359064e-26 1.4965359064e-26 1.4965359064e-26 1.4965359064e-26 1.4965359064e-26 1.4965359064e-26 1.4965359064e-26 1.4965359064e-26 1.4965359064e-26 1.4965359064e-26 1.4965359064e-26 1.4965359064e-26 1.4965359064e-26 1.4965359064e-26 1.4965359064e-26 1.4965359064e-26 1.4965359064e-26 1.4965359064e-26 1.4965359064e-26 1.4965359064e-26 1.4965359064e-26 1.4965359064e-26 1.4965359064e-26 1.4965359064e-26 1.4965359064e-26 1.4965359064e-26 1.4965359064e-26 1.4965359064e-26 1.4965359064e-26 1.4965359064e-26 1.4965359064e-26 1.4965359064e-26 1.4965359064e-26 1.4965359064e-26 1.4965359064e-26 1.4965359064e-26 1.4965359064e-26 1.4965359064e-26 1.4965359064e-26 1.4965359064e-26 1.4965359064e-26 1.4965359064e-26 1.4965359064e-26 1.4965359064e-26 1.4965359064e-26 1.4965359064e-26 1.4965359064e-26 1.4965359064e-26 1.4965359064e-26 1.4965359064e-26 1.4965359064e-26 1.4965359064e-26 1.4965359064e-26 1.4965359064e-26 1.4965359064e-26 1.4965359064e-26 1.4965359064e-26 1.4965359064e-26 1.4965359064e-26 1.4965359064e-26 1.4965359064e-26 1.4965359064e-26 1.4965359064e-26 1.4965359064e-26 1.4965359064e-26 1.4965359064e-26 1.4965359064e-26 1.4965359064e-26 1.4965359064e-26 1.4965359064e-26 1.4965359064e-26 1.4965359064e-26 1.4965359064e-26 1.4965359064e-26 1.4965359064e-26 1.4965359064e-26 1.4965359064e-26 1.4965359064e-26 1.4965359064e-26 1.4965359064e-26 1.4965359064e-26 1.4965359064e-26 1.4965359064e-26 1.4965359064e-26 1.4965359064e-26 1.4965359064e-26 1.4965359064e-26 1.4965359064e-26 1.4965359064e-26 1.4965359064e-26 1.4965359064e-26 1.4965359064e-26 1.4965359064e-26 1.4965359064e-26 1.4965359064e-26
1.000000e-09
2.000000e-03
2.000000e+06
1.000000e+04
4.4588000000e+00
9.3224645990e+06
1.0374938834e-02
1.3823007676e+06
1.5707963268e+00
1.130973e+08
5.0000000000e-01 5.0000000000e-03 5.0000000000e-03 
2.007407e+07 0.000000e+00 0.000000e+00
0.000000e+00 0.000000e+00 0.000000e+00
0.000000e+00 2.007407e+07 -2.007407e+07
0.000000e+00 -1.000000e+00 -1.000000e+00
2.000000e-05 -1.000000e+00 -1.000000e+00
1.000000e-04 0.000000e+00 0.000000e+00
0.000000e+00 0.000000e+00 0.000000e+00
-5.000000e-06 0.000000e+00 0.000000e+00
0.000000e+00 0.000000e+00 0.000000e+00
-3.141593e+08 -5.654867e+07 -5.654867e+07
